5406
7025
8762
7781
7653
7094
6672
6594
7889
7575
7712
7634
7339
7241
7143
7104
7163
7447
7781
7742
8674
8929
9233
8831
8458
8291
8468
8723
8438
8124
7722
7840
8154
7742
7791
7712
7663
7810
8134
8036
8144
8409
7997
8115
8134
8164
8124
8075
8095
8409
8595
8635
8527
8173
8056
7595
7899
8085
7987
8262
8144
8164
8183
8144
8095
8124
8321
7948
7948
7771
7369
7398
7702
7702
7840
7771
7693
7791
7722
7614
7634
7653
7526
7447
8536
8065
7653
7604
7359
7035
6594
6986
7143
7536
7555
7438
6878
7055
6554
5858
5446
5112
5171
4847
4101
4386
4160
4484
4798
4828
5063
5083
5122
5191
5397
5612
5789
5769
6819
7222
6770
6770
7977
7761
7781
7918
7732
7614
7516
7192
7320
7359
7281
7114
7124
7261
7428
9655
9763
10155
10008
9861
10205
10057
10793
10695
11431
12118
14326
14277
15405
14669
14767
15111
14865
13688
13982
15160
16828
20017
24285
24285
20409
23107
24677
23990
22519
24187
31398
31349
32036
31055
31349
31791
29485
30025
29436
29878
29338
29534
31448
33067
40377
35765
37629
37776
37727
38414
40033
40033
41161
40720
44350
45135
45626
44596
44841
44007
43762
43075
43565
43565
46754
45871
43762
43516
41897
37482
39984
37580
37580
38856
39444
41848
40180
40180
40818
41946
42094
44154
44792
58185
55340
51808
52298
51317
53279
52004
51906
52494
50238
45675
45233
42584
38610
38120
39739
42290
42437
36844
39052
41014
44105
47049
45577
48079
46460
45135
45135
46117
45577
42339
39150
39550
42900
43100
41500
41650
41800
40450
41600
42000
42550
45000
43900
42700
42950
42200
42300
42000
41200
41550
41550
46900
47500
47050
48500
49900
47850
46400
43900
44200
44300
44900
47800
48900
49050
54300
56100
56700
55800
58700
58100
54600
55000
52400
50200
52800
53500
56300
57000
54500
55700
57100
57400
54700
54700
54000
52900
52400
54400
55500
56300
62500
63200
60400
61200
59500
55700
57900
59100
59600
60900
60400
59600
59800
60500
63800
61900
60800
60200
59200
56800
56000
52000
53600
50000
50800
54500
53700
51800
50000
46650
45200
46100
48950
49500
50000
51500
51500
50500
49100
48750
48600
49000
50900
51700
51600
51300
51500
50500
50100
48600
48800
50000
52100
50800
52800
52900
51700
51400
50500
50500
50500
50800
50000
49350
48550
45900
44550
45100
40150
39250
39100
39600
42100
41250
39900
39100
39450
38900
39600
40650
40900
39650
40200
41900
43000
42750
43950
43600
46550
46450
46500
48950
46950
46800
46300
47400
48850
49200
48850
49250
51500
50100
49400
49700
48300
48700
49150
50700
50000
50200
49650
50600
50600
49950
47000
46000
47150
47600
47600
48700
48050
50500
50700
53400
51000
49800
48850
48950
48900
49800
49050
49200
48650
48950
49450
49950
50100
50400
49750
49500
48400
46200
47100
46800
44350
43500
46500
48300
49400
51700
53000
54900
52600
52800
52600
53000
53900
52200
52000
50300
49450
50700
51000
51100
50500
50100
49050
52300
51700
51500
51900
49750
48000
46500
47500
48650
47750
48900
52300
51000
50500
51400
51900
50000
50600
50900
54500
54900
50600
52200
51700
54100
54600
53800
53900
54000
56200
54900
51600
52100
53500
53200
52000
51100
52100
50900
51000
50700
49650
48750
48750
49250
48700
46250
46800
46050
48600
48150
48500
47700
47600
48400
48400
50300
52500
52000
52000
52000
51500
51000
50100
47800
47750
48000
48000
47650
47600
44050
44700
42850
41800
42050
42250
41100
41400
40550
40700
40750
41100
39600
38200
38300
33700
34400
